       Seq_1  Seq_2  Seq_3  Seq_4  Seq_5  Seq_6
Seq_1      0    127    245    310    405    411
Seq_2    127      0    226    291    385    398
Seq_3    245    226      0    287    386    385
Seq_4    310    291    287      0    211    214
Seq_5    405    385    386    211      0    157
Seq_6    411    398    385    214    157      0